sample_type GATA3 PTEN XBP1 ESR1 MUC1
Tumor 2.87 1.36 2.98 3.08 1.65
Tumor 2.17 0.43 2.55 2.39 3.08
Tumor 1.32 1.31 3.02 0.79 2.98
Tumor 1.84 0.81 3.13 2.5 -1.92
Tumor -6.03 0.25 -1.45 -4.86 -1.17
Tumor 1.8 1.31 4.04 2.8 3.53
Tumor -4.88 -0.24 -0.72 -4.49 -1.46
Tumor -3.14 -1.24 -1.19 -1.63 -0.99
Tumor 2.03 1.21 2.28 4.12 0.67
Tumor -0.29 0.29 -1.6 0.47 0.01
Tumor -0.8 -0.17 0.33 -1.8 1.04
Tumor 2.65 0.58 3.06 3.85 1.9
Tumor -2.31 0 -1.18 -3.25 -0.68
Tumor -3.76 0.46 -2.44 -4.21 -1.37
Tumor 3.93 0.71 2.09 4.07 1.26
Tumor -1.28 0.37 1.72 -1.46 2
Tumor 1.62 0.92 2.01 0.92 4.12
Tumor 1.87 -0.04 1.18 3.01 1.9
Tumor 1.47 0.15 1.51 0.43 -0.48
Tumor -2.96 1.36 -1.15 -1.44 1.46
Tumor 2.35 0.94 0.96 2.85 1.58
Tumor 2.46 0.64 2.45 4.36 2.86
Tumor 3.37 -0.14 2.45 4.52 3.04
Tumor 2.98 0.27 3.19 3.99 -0.15
Tumor 2.26 0.47 2.78 5.13 1.28
Tumor 1.99 0.98 1.44 3.64 3.01
Tumor 1.54 0.46 1.62 4.53 -0.24
Tumor 1.48 0.86 1.03 -1.27 2.03
Tumor 0.04 0.64 1.14 4.39 2.66
Tumor 2.31 0.98 0.42 1.66 1.55
Tumor -2.2 0.34 -1.81 -4.63 1.01
Tumor 1.82 1.1 2.16 -2.72 -2.58
Tumor -1.29 -0.7 -0.87 -2.59 -0.97
Tumor 2.98 0.27 2.93 3.19 3.45
Tumor 2.13 -0.13 2.48 3.56 -0.4
Tumor 1.99 1.36 2.36 4.17 3.24
Tumor 1.38 0.78 1.93 3.44 2.82
Tumor 1.8 1.25 2.48 3.26 3.04
Tumor 1.83 0.73 1.88 0.11 -0.11
Tumor 2.95 1.03 3.49 4.59 1.04
Tumor 0.79 1.12 3.35 3.19 2.26
Tumor 2.79 1.01 1.88 4.39 1.06
Tumor 2.64 0.55 3.47 4.44 0.64
Tumor 1.71 0.93 2.53 3.99 2.93
Tumor 1.55 1.34 2.54 3.55 2.96
Tumor 1.76 1.09 2.3 2.3 2.15
Tumor 1.22 0.4 2.71 2.93 2.5
Tumor -0.08 1.11 0.6 0.62 0.02
Tumor 2.83 0.56 2.29 5.06 2.27
Tumor 1.83 0.34 1.88 1.89 2.59
Tumor 0.36 0.82 1.5 3.47 2.74
Tumor -1.74 1.22 0.38 -1.14 -0.5
Tumor 2.09 1.25 3.7 3.87 3.45
Tumor 0.34 -0.55 0.84 -2 2.34
Tumor 0.11 0.39 1.44 -2.69 1.19
Tumor 0.16 -1.12 -1.75 -2.88 2.56
Tumor 2.12 1.27 2.98 3.59 1.13
Tumor 2.37 1.14 2.48 4.27 2.52
Tumor 1.94 0.94 2.68 2.79 2.88
Tumor 1.93 1.39 1.27 2.07 2.72
Tumor 1.7 1.09 1.91 1.69 3.24
Tumor 2.25 2.2 4.03 4.37 2.69
Tumor 2.19 0.86 2.15 3.93 3.67
Tumor -2.94 -1.58 -0.92 -3.9 0.46
Tumor 1.73 0.85 2.74 5.55 3.7
Tumor 1.43 0.28 2.14 3.45 3.11
Tumor 2.02 0.9 3.27 3.74 2.21
Tumor 2.33 0.2 3.73 4.53 2.71
Tumor -4.57 0.66 -1.4 -3.59 2.85
Tumor 1.43 1.19 2.21 3.83 2.76
Tumor 1.97 1.56 2.26 2.38 2.31
Tumor -2.71 0.46 -1.59 -2.92 0.87
Tumor 1.5 0.42 2.03 3.88 2.75
Tumor 3.14 0.62 3.44 4.63 3.32
Tumor 0 1.69 3.2 3.98 1.26
Tumor -1.03 0.05 -1.26 -1.1 1.92
Tumor 1.22 1.57 1.05 4.65 3.47
Tumor 0.32 0.88 1.36 3.15 1.69
Tumor 2.48 0.62 3.02 5.47 3.78
Tumor 2.42 0.02 2.3 4.66 -1.92
Tumor -3.25 2.04 -1.67 0.58 -2.79
Tumor 2.84 0.92 3.13 3.29 1.38
Tumor -1.06 0.48 -0.78 -3.34 2.15
Tumor -3.86 1.7 -1.38 0.03 -2.4
Tumor 1.93 -0.42 2.06 4.46 3.79
Tumor -1.75 -0.43 -1.21 -3.04 2.97
Tumor -0.43 1.75 0.85 2.49 0.23
Tumor -4.4 0.83 -1.34 -1.09 0.87
Tumor -0.75 1.92 -0.07 0.35 -0.05
Tumor 2.26 1.07 3.16 2.84 3.56
Tumor 3.32 -0.1 3.65 5.61 1.49
Tumor 0.79 -0.26 3.21 4.58 0.04
Tumor 1.6 0.84 1.85 3.09 2.27
Tumor 0.89 -0.04 3.24 3.48 2.79
Tumor 1.1 0.53 1.28 4.43 2.15
Tumor 2.38 1.04 2.52 5.27 3.03
Tumor 2.67 0 2.71 4.34 -1.05
Tumor 3.71 0.65 0.9 4.95 1.99
Tumor 2.98 0.52 1.29 5.26 2.25
Tumor 1.44 0.73 2.89 4.43 2.71
Tumor 1.71 0.59 2.24 1.47 3.1
Tumor 1.62 0.67 1.96 1.9 2.67
Tumor 2.6 0.44 2.93 5.37 -2.35
Tumor 2.12 0.89 2.01 3.03 0.73
Tumor -4.39 -0.18 -1.12 -3.46 -1.9
Tumor 1.21 0.77 2.23 4.14 3.08
Tumor 1.93 1.09 2.88 3.26 3.37
Tumor 1.74 0.88 3.05 4.66 3.3
Tumor 1.54 1.23 4.3 3.98 3.1
Tumor 2.47 0.96 1.48 2.49 2.72
Tumor 2.15 0.67 3.34 5.79 2.66
Tumor -2.05 0.73 -1 -1.67 3.27
Tumor 1.14 0.76 3.73 4.76 2.35
Tumor -0.93 -0.1 -0.52 -4.42 1
Tumor 2.73 1.31 3.77 4.62 2.67
Tumor -0.69 0.55 1.16 -0.46 1.84
Tumor 0.89 0.83 2.3 5.12 0.12
Tumor 3.15 0.82 3.08 4.4 3.09
Tumor 1.48 0.04 2.97 4.81 2.21
Tumor 2.34 0.48 2.77 3.53 1.79
Tumor 3.87 0.5 3.52 5.9 2.86
Tumor 2.33 0.41 2.5 4.13 3.7
Tumor 2.07 1.18 2.29 4.27 -1.66
Tumor 1.82 0.89 2.34 3.98 -1.55
Tumor 2.42 -0.73 2.67 4.52 3.39
Tumor 2.15 0.29 2.84 2.44 2.95
Tumor 2.65 0.73 2.38 5.09 3.83
Tumor 1.51 0.08 2.38 4.23 1.47
Tumor 3.34 0.56 3.45 4.49 2.07
Tumor -1.37 0.73 -0.71 2.27 0.05
Tumor 1.4 0.63 2.51 5.25 1.64
Tumor 2.34 0.87 0.35 0.59 1.21
Tumor 0.88 0.56 2.05 1.59 0.95
Tumor 2.41 1.05 2.62 2.85 2.74
Tumor 0.92 0.56 2.29 3 2.52
Tumor -3.77 0.42 0.53 -2.97 1.11
Tumor 2.63 1.1 3.12 4.61 2.76
Tumor 2.28 0.52 2.5 4.21 3.32
Tumor -1.91 0.57 1.61 -1.59 1.58
Tumor 2.44 0.94 1.7 2.87 3.08
Tumor 2.42 0.86 1.73 4.75 2.99
Tumor 3.51 0.61 3.82 4.41 -0.66
Tumor 1.58 0.79 3.12 1.89 2.81
Tumor 2.27 0.46 2.97 4.48 3.19
Tumor -0.4 0.35 2.69 1.06 2.48
Tumor 2.12 1.18 3.02 4.04 3.4
Tumor 1.46 1.66 3.33 4.25 3.27
Tumor 1.27 0.55 1.79 3.67 2.59
Tumor 2.35 1.13 4.49 5.34 3.5
Tumor 2.36 0.71 3.17 3.54 2.41
Tumor 2.38 0.52 3.37 4.48 3.19
Tumor 2.13 0.68 1.95 4.63 3.36
Tumor 2.24 1.07 2.83 1.9 0.44
Tumor 2.27 -0.21 3.45 4.79 2.82
Tumor 0.34 1.4 3.06 -0.07 3.84
Tumor 2.35 0.77 2.46 3.04 3.29
Tumor 3.49 -0.11 3.82 5.24 2.6
Tumor 0.92 -1.34 3.29 4.78 1.32
Tumor 2.12 1.29 3.13 4.39 3.07
Tumor 1.64 0.68 2.48 4.79 1.86
Tumor 1.98 1.14 2.36 3.26 2.55
Tumor 2.04 -0.5 2.32 3.84 2.87
Tumor 2.52 0.57 3.42 3.75 3.22
Tumor 1.12 0.48 1.48 3.4 3.74
Tumor 0.01 -0.02 1.63 -2.11 2.06
Tumor 2.45 -0.37 1.89 4.01 4.05
Tumor 2.7 0.89 3.35 4.93 3.62
Tumor 2.84 -0.77 4.03 4.87 2.96
Tumor 1.7 0.84 1.39 3.38 2.54
Tumor 1.9 0.97 2.93 2.52 3.54
Tumor -1.11 0.64 0.74 -1.4 2.34
Tumor 1.96 0.77 3.3 4.63 2.83
Tumor 2.49 0.45 2.87 5.28 2.53
Tumor 1.52 0.64 2.92 4.88 2.51
Tumor 1.69 0.73 3.03 4.02 2.96
Tumor 3 -0.07 3.42 4.53 1.69
Tumor 2.47 0.98 3.76 3.28 0.91
Tumor 1.72 0.67 2.47 4.58 2.94
Tumor 2.17 1.49 2.36 4.78 2.23
Tumor 1.87 1.17 2.81 2.67 2.34
Tumor -0.16 0.61 1.27 -0.11 1.3
Tumor -4.94 -2.4 -0.64 -4.11 0.41
Tumor 1.62 0.49 2.28 3.92 1.21
Tumor 2.24 0.15 2.9 3.86 2.3
Tumor -1.6 0.79 0.58 -3.02 1.12
Tumor 1.8 -0.3 1.83 4.6 0.26
Tumor 0.36 -2.32 -1.43 -2.32 -2.39
Tumor 1.29 0.69 2.48 2.42 3.15
Tumor -3.62 -1.7 -1.38 -3.72 -0.95
Tumor 2.7 1.07 1.01 4.3 2.25
Tumor 3.17 1.17 1.67 3.02 2.89
Tumor -3.62 2.18 -1.11 -4.13 -2.08
Tumor 2.37 1.04 2.49 5.19 3.05
Tumor 0.27 0.13 0.17 -3.58 2.66
Tumor 1.25 1.32 1.68 2.98 2.48
Tumor 2.32 1.01 2.77 4.64 3.42
Tumor 2.31 0.34 1.66 2.88 2.64
Tumor 1.19 0.55 0.58 -1.22 1.99
Tumor 1.27 0.85 2.38 4.3 3.35
Tumor -1.87 0.45 -1.07 -0.45 1.04
Tumor 2.18 0.34 2.03 4.01 -0.39
Tumor 2.38 0.53 1.92 3.7 1.3
Tumor -1.71 1.14 0.73 -4.17 -1.85
Tumor 2.05 0.96 3.51 4.21 3.46
Tumor 0.86 1.23 1.39 1.92 2.26
Tumor 1.68 1.61 2.14 4.22 3.34
Tumor 2.57 0.3 3.94 5.57 3.92
Tumor 2.28 0.69 2.09 5.19 3.84
Tumor 1.54 0.75 2.51 4.05 1.03
Tumor 2.82 0.92 2.36 5.67 0.4
Tumor -2.24 0.26 -0.23 0.11 1.88
Tumor 2.4 0.75 2.62 4.59 2.8
Tumor 1.4 1.53 1.67 2.18 1.98
Tumor 1.7 1.14 1.51 2.31 2.8
Tumor 2.33 0.34 3.12 1.62 0.93
Tumor 2.72 -0.4 0.25 2.3 2.03
Tumor 2.27 0.18 3.51 4.24 1.71
Tumor 2.76 0.15 2.26 4.41 -1.27
Tumor 2.84 0.9 1.92 3.81 1.35
Tumor 2.18 -0.26 2.07 2.38 1.25
Tumor -1 1.45 0.06 -1.6 2.25
Tumor 2.18 0.85 2.39 2.59 1.47
Tumor 0.15 -1.62 2.05 -1.75 1.4
Tumor 3.51 0.55 2.47 4.86 -0.19
Tumor -3.02 0.91 -0.26 -3.17 2.72
Tumor 3.15 1.13 2.11 3.5 3.4
Tumor -0.58 -0.97 -0.96 -1.21 1.31
Tumor 2.47 0.01 1.91 4.99 2.12
Tumor 2.52 1.04 2.12 4.4 3.5
Tumor 1.66 0.93 0.02 3.15 0.41
Tumor 1.43 0.73 1.73 3.06 3.43
Tumor 2.07 0.26 0.4 2.48 2.08
Tumor 0.78 0.55 0.22 2.57 -0.02
Tumor 1.52 -1.66 2.43 3.41 3.03
Tumor -0.55 1.14 1.31 -1.72 3.33
Tumor 1.58 1.61 3.58 3.73 3.17
Tumor 3.77 1.16 2.69 3.7 1.04
Tumor 2.97 1.22 3.53 4.77 0.78
Tumor 2.33 1.72 2.69 4.37 3.06
Tumor -1.8 -0.26 -2.28 -3.83 -0.29
Tumor 2.26 1 2.39 2.05 3.37
Tumor -1.76 -1.53 -1.52 -4.56 1.67
Tumor 2.84 0.59 2.81 5.24 3.57
Tumor 3.25 0.35 1.84 2.07 1.43
Tumor -2.92 -0.35 -0.48 0.16 3.62
Tumor -0.21 -0.29 -0.57 -1.26 -0.32
Tumor 2.57 1.68 1.36 3.12 3.62
Tumor 2 1.02 3.76 6.11 3.07
Tumor 2.55 0.69 1.88 2.68 3.13
Tumor -1.18 0.23 2.07 -1.07 2.73
Tumor 1.81 0.88 2.26 2.71 2.91
Tumor -0.19 -0.06 -1.64 -4.03 -1.01
Tumor 1.69 0.34 3.65 4.16 2.57
Tumor 3.4 0.44 4.04 6 -1.7
Tumor 2.86 0.3 4.34 5.56 -0.59
Tumor -1.16 -0.22 -0.44 -1.19 1.75
Tumor 0.67 0.2 1.32 1.93 0.67
Tumor -5.25 0.71 0.12 -4.65 0.15
Tumor 2.84 0.63 2.97 2.15 1.88
Tumor 2.95 0.65 2.25 5.18 2.77
Tumor -2.98 0.92 -0.87 -2.38 1.25
Tumor 2.47 0.41 2.15 2.88 1.43
Tumor -0.72 0.72 -2.21 -0.41 -1.7
Tumor 1.99 0.45 4.32 5.92 1.11
Tumor 2.35 0.06 2.34 2.38 3.52
Tumor 1.22 1.55 3.63 -1.49 2.64
Tumor 1.59 1.43 1.22 4.39 0.78
Tumor 3.29 1.03 3.08 3.56 2.49
Tumor -3.1 -0.62 -0.18 -3.21 2.44
Tumor 1.86 0.41 2.09 2.33 2.46
Tumor 2.78 1.26 2.39 4.94 3.2
Tumor -1.23 0.59 -0.85 -1.51 1.7
Tumor -0.53 -0.59 -1.83 -4.7 -1.49
Tumor -0.77 -0.73 0.07 -0.21 1.22
Tumor -0.67 0.7 -0.76 -1.22 2.05
Tumor 1.67 1.03 2.08 3.07 2.27
Tumor 1.39 1.99 2.21 3.06 3.53
Tumor 1.22 0.84 2.77 2.84 3.43
Tumor -1.23 1.25 0.55 -0.34 0.56
Tumor 2.42 1.34 2.28 3.64 2.02
Tumor -0.41 0.89 0.74 -1.57 0.21
Tumor -0.16 0.76 -1.91 -0.62 -0.16
Tumor 1.72 0.16 2.59 4.15 3.87
Tumor 1.31 1.4 1.88 1.44 3.59
Tumor 1.36 1.41 2.32 2.94 1.9
Tumor 1.56 1.1 2.34 3.24 -0.76
Tumor 1.56 1.13 2.9 4.48 3.47
Tumor 1.15 0.8 2.29 2.64 2.49
Tumor -2.38 -1.03 -1.51 -0.94 0.23
Tumor -2.09 1.33 -1.22 1.45 -0.41
Tumor 2.66 0.47 1.58 2.63 2.29
Tumor -3.81 0.43 -1.5 -3.57 0.15
Tumor 1.64 -0.36 3.17 2.51 3.08
Tumor 1.9 1.59 2.82 4.04 3.05
Tumor 2.51 1.28 2.18 3.49 3.15
Tumor 2.52 -0.62 2.83 4.67 3.17
Tumor 2.38 1.81 3.13 5.18 2.23
Tumor 1.36 0.9 1.98 2.08 1.5
Tumor 2.6 0.66 1.69 3.32 2.96
Tumor 2.54 0.83 1.78 3.16 3.51
Tumor -1.99 0.59 -0.04 -0.34 2.14
Tumor -0.13 0.29 1.94 -2.18 3.08
Tumor 2.47 1.31 2.94 4.99 3.06
Tumor 1.1 0.58 0.91 3.73 -0.1
Tumor 2.33 -0.08 2.89 5.31 1.23
Tumor 2.14 0.76 2.71 4.97 2.95
Tumor -0.55 0.21 -1.92 -3.7 -0.57
Tumor 0.44 0.6 -0.96 -1.12 0.68
Tumor 3.11 0.82 3.07 4.15 2.69
Tumor 2.13 0.91 2.55 2.01 3.53
Tumor 2.25 1.48 2.46 3.91 3.23
Tumor 3.48 -0.51 2.61 5.49 1.29
Tumor 2.93 0.65 3.58 5.65 0.62
Tumor 2.87 1.01 2.14 3.55 2.75
Tumor 1.48 1.14 3.43 4.77 2.84
Tumor 2.21 1.21 3.53 5.07 3.57
Tumor 1.46 1.14 2.17 3 1.94
Tumor 0.94 0.27 1.02 -3.61 1.78
Tumor -0.69 0.55 0.45 -1.83 0.78
Tumor -1.36 -0.3 -0.15 -0.53 1.17
Tumor 1.88 0.89 3.78 4.5 1.88
Tumor 2.62 0.64 2.87 4.44 2.38
Tumor 1.9 1.07 3.22 3.11 2.81
Tumor 2.65 1.35 2.84 4.93 2.33
Tumor 1.89 0.6 2.56 4.71 3.08
Tumor -1.39 0.12 -1.23 -2.74 0.74
Tumor 1.62 0.9 1.95 2.11 1.94
Tumor 2.04 1.22 2.32 4.26 3.06
Tumor 2.57 0.41 3 3.31 3.13
Tumor -0.77 -0.88 -1.06 0.75 1.4
Tumor 2.65 1 3.14 4.25 2.99
Tumor 1.9 1.26 3.26 4.76 2.31
Tumor 2.99 0.45 2.88 3.75 2.27
Tumor 0.12 1.16 2 2.64 0.81
Tumor 1.53 1.42 2.58 3.43 2.94
Tumor -3.82 0.96 -0.72 -3.61 1.98
Tumor 0.46 0.38 2.5 -0.6 3.49
Tumor 0.44 1.27 2.08 3.42 1.16
Tumor 2.02 1.19 2.2 2.69 2.9
Tumor 2.45 1.2 2.54 2.29 3.89
Tumor 2.4 0.82 0.87 2.86 4.28
Tumor 2.07 0.78 2.89 4.25 2.08
Tumor 1.58 0.94 2.33 3.55 1.08
Tumor -0.14 -0.48 0.16 -1.63 2.71
Tumor 1.86 0.92 1.1 3.65 1.61
Tumor -3.23 2.8 -1.94 -0.42 -2.34
Tumor 2.02 1.29 1.91 2.36 2.97
Tumor -0.34 0.8 2.58 2.33 1.49
Tumor 0.65 0.6 1.79 -2.41 2.42
Tumor -2.32 2.02 -1.34 0.43 -2.09
Tumor 2.63 1.35 3.02 4.95 2.37
Tumor -2.58 0.91 -1.67 -3.24 -2.34
Tumor 0.06 1.32 1.55 2.92 1.07
Tumor 2.3 0.79 2.5 3.55 3.21
Tumor -0.5 2.32 0.19 2.32 -0.12
Tumor 1.83 1.09 2.66 4.51 3.39
Tumor 2.48 1.33 3.29 2.89 3.72
Tumor 1.23 0.5 1.83 1.3 1.97
Tumor -2.03 0.71 -0.9 -2.72 1.43
Tumor 1.01 1.36 1.46 1.39 0.99
Tumor 2.17 0.78 2.21 2.9 3.33
Tumor -0.28 0.26 -0.98 -1.9 0.08
Tumor 1.28 1.19 1.35 2.89 0.65
Tumor 2.49 0.86 1.83 3.02 3.53
Tumor 0.18 0.8 3.25 3.91 3.51
Tumor 1.1 0.76 2.8 4.24 2.54
Tumor 0.51 0.93 1.61 1.24 1.73
Tumor 2.27 0.99 2.58 2.94 3.19
Tumor 1.59 1.38 0.78 1.05 2.54
Tumor 0.92 0.92 1.3 2.84 1.23
Tumor 2.07 0.54 1.51 3.34 3.06
Tumor 2.5 1.2 3.44 5.01 3.51
Tumor 1.25 1.54 1.97 2.36 0.93
Tumor 2.28 1.11 2.35 4.5 2.99
Tumor -0.24 0.74 0.79 1.5 0.45
Tumor -1.13 -0.45 -0.43 -0.7 3.14
Tumor 0.27 1.42 1.86 2.8 0.82
Tumor 0.65 1.64 1.93 3.03 2.64
Tumor 0.83 1.19 2.12 3.46 1.43
Tumor 2.25 -0.6 3.8 3.94 1.81
Tumor 2.01 1.08 2.82 3.13 3.12
Tumor -0.16 1.56 1.23 1.88 1.03
Tumor -0.57 1.86 1.83 2.4 3.8
Tumor 2.6 0.73 2.63 4.74 2.43
Tumor -3.36 2.25 -1.61 0.66 -1.3
Tumor 2.39 1.83 2.28 4.31 1.78
Tumor 1.47 0.76 2.39 3.4 2.65
Tumor 1.63 1.44 2.33 2.64 2.85
Tumor 0.2 1.34 0.7 3.1 0.29
Tumor 2.32 1.32 1.85 3.82 3.17
Tumor 1.21 1.59 1.82 2.25 1.84
Tumor 0.54 1.2 3.05 2.71 2.03
Tumor 2.31 1.53 2.7 3.05 2.26
Tumor 0.62 1.41 1.31 2.32 0.22
Tumor -0.79 0.86 -0.43 1.35 1.92
Tumor 0.44 1.27 1.06 2.56 0.48
Tumor 1.71 0.73 3.7 5 3.51
Tumor 1.05 1.33 3 3.52 1.72
Tumor 2.54 1.17 2.46 4.15 3.89
Tumor 0.48 1.41 3.34 2.57 1.73
Tumor 2.2 1.21 2.17 3.04 2.34
Tumor 2.24 0.5 2.29 3.83 3.89
Tumor 0.3 1.45 2.1 2.49 1.04
Tumor 2.14 1.48 2.08 3.26 2.59
Tumor 0.53 0.68 0.65 1.22 0.84
Tumor 2.02 0.7 2.7 4.55 3.54
Tumor 0.55 1.28 2.38 1.19 2.22
Tumor 1.42 0.96 2.23 1.26 3.37
Tumor 0.85 1.37 2.4 1.49 1.43
Tumor 0.58 0.46 -1.72 -1.97 2.07
Tumor 0.5 1.07 1.75 2.06 0.33
Tumor 1.98 1.14 3.09 3.6 3.68
Tumor 2.97 0.96 2.55 3.37 1.9
Tumor 0.38 0.49 -0.88 -0.62 -0.66
Tumor 2.49 1.51 3.52 4.84 2.63
Tumor 2.48 0.21 3.84 4.32 2.52
Tumor 3.88 0.92 1.81 3.71 2.83
Tumor 2.52 0.95 2.87 5.13 3.34
Tumor -1.17 0.72 1.05 -0.95 3.39
Tumor 2.87 0.37 2.88 3.38 3.32
Tumor 1.82 0.48 1.14 2.41 2.61
Tumor 2.16 0.95 2.51 4.7 1.09
Tumor 2.64 0.35 2.64 3.92 3.23
Tumor 2.68 1.13 0.62 2.11 2.23
Tumor 1.23 0.46 2.68 2.78 1.11
Tumor 1.54 1.45 2.21 3.18 2.25
Tumor 1.66 0.8 3.28 3.84 1.74
Tumor 0.6 1.14 2.24 3.44 1.78
Tumor 1.19 1.17 3.19 3.13 3.15
Tumor -3.09 1.67 -1.84 0.64 -1.66
Tumor 2.39 0.34 2.82 4.29 3.03
Tumor 0.36 0.68 2.07 2.48 2.37
Tumor 2.65 1.19 2.48 2.9 2.39
Tumor 2.06 0.78 2.2 5.13 1.35
Tumor 1.81 0.93 3.25 4.36 3.33
Tumor 2.14 1.13 4.3 4.92 3.31
Tumor 0.52 1.03 2.25 2.95 1.42
Tumor 2.51 1.3 1.11 3.78 3.61
Tumor 1.49 1.61 2.61 3.28 3.2
Tumor 2.09 0.27 3.07 4.03 3.1
Tumor 2.01 1.06 2.29 4.43 3.2
Tumor 1.3 0.49 0.82 3.38 2.75
Tumor 2.48 0.53 2.07 5.04 1.18
Tumor 2.28 0.52 2.63 3.47 1.45
Tumor 1.21 0.96 2.29 3.41 3.37
Tumor 0.03 0.58 0.23 0.19 0.93
Tumor 1.98 1.39 3.32 5.3 3.12
Tumor 2.77 1.18 3.27 2.7 2.88
Tumor 1.73 0.45 2.4 4.13 2.29
Tumor 1.71 1.14 1.82 2.04 2.79
Tumor -3.23 -0.66 -0.27 -3.35 0.66
Tumor 1.62 1 1.89 2.48 2.71
Tumor 0.63 0.6 -1.04 -2.58 1.28
Tumor 1.29 0.34 2.63 4.07 3.48
Tumor 2.51 1.12 2.36 3.09 3.54
Tumor -0.36 1.84 1.19 1.39 0.86
Tumor 2.25 1.26 1.77 2.61 3.59
Tumor 0.97 2.47 1.78 1.66 0.84
Tumor -1.01 0.42 -1.97 -1.54 -1.59
Tumor 0.77 1.45 1.71 3.41 1.17
Tumor 1.34 1.51 1.92 4.23 1.91
Tumor 0.14 1.24 1.64 2.14 1.05
Tumor 1 1.74 1.61 3.04 2.56
Tumor 0.4 1.66 1.91 3.34 -0.1
Tumor 2.01 0.96 2.97 5.37 -0.24
Tumor 0.22 1.64 0.62 2.02 0.51
Tumor 2.05 0.88 3.29 1.46 3.22
Tumor 1.22 1.44 1.38 2.68 0.34
Tumor -1.49 0.23 -0.29 -2.05 2.25
Tumor 0.09 2.32 0.84 3.12 -0.03
Tumor 2.28 0.75 1.56 0.5 0.72
Tumor -0.02 1.29 1.06 2.91 1.06
Tumor 2.75 0.86 3.47 4.58 3.45
Tumor 1.93 -0.18 1.59 3 3.3
Tumor 0.03 1.6 1.68 3.03 1.25
Tumor 1.68 0.41 2.8 3.48 1.91
Tumor 0.36 0.13 0.83 1.69 0.99
Tumor -2.18 1.21 -1.22 -1.49 2.17
Tumor -3.45 1.69 -2.26 -0.48 -1.89
Tumor 1.39 1.02 1.39 3.73 2.71
Tumor 2.24 1.46 1.89 3.58 -0.57
Tumor 0.66 1.6 0.93 2.23 0.69
Tumor 2.57 0.91 2.6 4.74 3.81
Tumor 0.01 1.16 1.34 2.94 1.38
Tumor 1.53 0.98 2.34 4.56 2.35
Tumor 1.91 1.43 2.32 2.87 3.99
Tumor 0.31 1.74 1.31 3.12 1.9
Tumor 1.51 1.12 2.54 2.85 2.54
Tumor 0.23 1.98 0.86 2.37 1.07
Tumor -2.97 1.13 -0.06 -1.66 2.55
Tumor -1.5 1.18 -0.73 0.64 0.97
Tumor -0.7 1.22 1.13 -0.81 1.19
Tumor 3.43 0.5 2.52 5.09 -1.64
Tumor 2.95 0.52 2.56 3.86 1.78
Tumor 0.2 1.82 2.67 2.94 1.89
Tumor -3.54 1.34 -0.55 -3.06 1.08
Tumor 0.36 1.3 1.73 -0.83 2.57
Tumor 1.99 1.29 3.15 1.85 2.2
Tumor 2.42 0.22 1.28 2.42 1.45
Tumor -1.07 0.4 0.33 -1.13 -0.85
Tumor 2.07 0.47 3.27 2.55 0.69
Tumor 3 0.12 3.08 4.42 0.2
Tumor 1.84 1.5 1.17 3.2 2.32
Tumor 1.09 1.76 2.71 -2.8 3.48
Tumor 1.05 0.82 1.05 2.83 0.21
Tumor -0.7 0.3 -0.46 -2.56 1.99
Tumor 1.51 0.38 -0.76 4.1 2.27
Tumor 2.98 0.7 3.6 3.95 2.07
Tumor -1.12 -1.33 -1.83 -2.39 -0.5
Tumor -0.36 1.03 1.68 -2.54 2.55
Tumor 1.67 0.39 1.82 -0.81 0.2
Tumor 2.19 -0.32 0.7 0.64 3.3
Tumor 1.23 1.13 1.51 0.94 -1.5
Tumor 1.01 1.33 1.96 3.75 -1.04
Tumor 2.05 0.82 2.54 3.1 3.39
Tumor 1.69 0.98 1.31 2.13 3.43
Tumor 1.84 -0.72 1.93 4.85 1.02
Tumor 2.46 0.34 2.01 4.8 0.09
Tumor -1.04 0.3 -0.71 2.55 -1.33
Tumor -3.91 0.15 0.28 -2.91 1.8
Tumor 2.72 1.5 2.97 4.2 1.38
Tumor 1.59 0.85 3 2.77 2.59
Tumor -1.39 -0.18 0.98 -2.39 0.73
Tumor -2.5 0.78 0.42 -3.83 1.87
Tumor 2.38 0.87 3.52 4.15 1.02
Tumor 2.23 0.77 2.91 4.78 3.32
Tumor -3.5 1.57 -0.6 -3.27 -1.21
Tumor 2.42 0.63 2.49 5.44 -0.99
Tumor 2.39 0.8 2.66 4.42 2.82
Tumor 2.39 0.76 3.78 4.22 3.38
Tumor 1.03 0.59 1.75 2.04 1.56
Tumor 1.82 0.58 2.91 4.34 -0.37
Tumor 3.55 0.82 2.59 4.1 3.38
Tumor 2.72 -0.22 2.56 4.62 2.42
Tumor 1.79 -0.11 0.7 4.23 2.05
Tumor 3.11 0.85 4.74 5.31 3.22
Tumor 2.31 0.89 1.95 3.17 3.24
Tumor 0.41 -1.99 -0.7 -3.47 1.27
Tumor 1.91 1.48 1.99 4.37 3.2
Tumor 0.36 0.63 0.28 -2.43 1.98
Tumor 2.86 -0.34 1.86 5.16 3.12
Tumor -2.52 0 -1.15 -3.63 0.86
Tumor 2.63 0.36 3.19 5.14 -1.29
Tumor 2.69 0 2.56 4.01 1.74
Tumor 1.54 1.11 2 1.76 3.08
Tumor 2 0.89 1.56 3.7 1.79
Tumor -2.53 0.05 1.14 -0.93 1.16
Tumor -2.21 1.08 -1.62 -1.31 1.59
Tumor 2.57 -0.08 2.04 3.5 2.14
Tumor -0.44 1.28 -0.99 -2.53 1.36
Tumor 1.34 0.93 3.53 -0.37 3.23
Tumor -0.19 1.36 0.6 -0.8 2.07
Tumor 1.36 0.68 1.36 2.64 4.05
Tumor 2.95 0.47 3.03 4.54 2.77
Tumor 3.5 0.9 3.27 4.58 1.59
Tumor 2.62 0.9 3.84 5.61 2.45
Tumor -3.9 1.78 -2.08 0.45 -2.38
Tumor -2.85 0.27 -1.28 -4.19 -0.41
Tumor -0.96 -0.46 0.75 -1.39 2.47
Tumor 1.02 -0.11 2.26 2.4 -1.73
Tumor 1.24 1.26 1.92 2.75 1
Tumor 1.53 0.92 2.22 4.64 2.93
Tumor 2.91 0.78 2 2.66 3.04
Tumor 1.64 1.97 2.52 3.74 3.06
Tumor 1.61 1.85 2.35 1.98 2.52
Tumor 2.11 1.48 2.33 5 1.16
Tumor 2.94 0.53 3.4 4.93 3.26
Tumor 2.69 0.46 1.67 2.48 4.13
Tumor -1.88 2.69 -1.59 0.79 -1.59
Tumor 2.86 1.64 1.83 3.87 3.44
Tumor 2.03 1.28 2.88 2.29 3.37
Tumor 2.59 1.2 3.33 4.88 3.38
Tumor 1.84 0.93 2.24 4.42 3.09
Tumor 1.91 0.99 3.99 4.01 3.53
Tumor -0.7 2.5 1.93 2.27 -0.1
Tumor 1.68 0.72 2.41 3.54 2.45
Tumor 2.23 0.22 0.84 4.42 1.6
Tumor 1.7 0.35 3.04 4.43 2.64
Tumor 2.82 0.36 3.99 5.23 2.28
Tumor 2.62 0.69 2.63 3.92 -0.12
Tumor 3.39 0.15 4.57 5.1 2.62
Tumor -1.3 1.65 -1.46 -2.1 -2.33
Tumor -2.81 0.88 1.71 -3.42 3.46
Tumor 1.24 0.74 1.86 0.71 3.56
Tumor 3.05 0.76 3.12 4.75 2.5
Tumor -1.2 -0.51 -1.31 -2.41 0.2
Tumor 0.15 0.64 0.36 0.79 0.48
Tumor -2.94 2.64 -1.66 0.56 -2.13
Tumor 1.47 1.45 2.7 3.11 3.19
Tumor 1.7 0.24 2.09 3.8 3.54
Normal -3.46 0.82 -0.6 3.04 2.66
Normal -3.69 0.86 0.93 3.11 2.14
Normal -3.81 0.88 0 2.6 2.73
Normal -4.35 -1.9 -1.01 2.3 1.92
Normal -4.53 0.79 0.16 1.85 1.86
Normal -3.88 -0.54 -0.9 1.55 2.89
Normal -3.45 0.6 -1.06 2.59 2.75
Normal -4.25 0.83 -1.52 1.66 3.22
Normal -3.15 0.65 -0.98 0.67 2.64
Normal -4.25 0.55 -1.08 2.51 3.2
Normal -3.99 0.23 -1.72 2.87 2.94
Normal -3.43 -0.01 -0.69 2.88 2.74
Normal -3.21 -0.38 -1.01 2.27 2.74
Normal -4.31 0.03 -2.36 1.56 1.4
Normal -4.46 -0.21 -0.83 1.24 2.96
Normal -4.13 0.02 -2.18 2.48 1.36
Normal -3.83 1.27 -2.05 1.64 0.33
Normal -5.24 -0.14 -1.82 -1.92 0.97
Normal -4.72 1.14 0.35 1.54 2.13
Normal -4.29 0.43 -0.34 0.94 1.96
Normal -3.51 1.23 0.98 2.44 3.12
Normal -4.22 1.54 -0.24 0.83 0.43
Normal -5.55 0.45 -1.29 1.79 2.76
Normal -4.7 0.75 -0.88 2.15 2.44
Normal -4.72 -0.59 -0.39 0.77 0.9
Normal -4.44 -1.35 -0.8 2.45 2.35
Normal -5.3 -0.75 -2.54 0.88 2.67
Normal -5.27 -0.01 -0.67 0.89 1.49
Normal -4.52 -0.05 -2.46 0.11 1.32
Normal -5.96 0.54 -2.39 2.78 0.56
Normal -4.5 0.51 -1.11 0.88 1.68
Normal -4.01 1.91 -0.22 3.32 2.65
Normal -4.98 1.64 -1.32 2.55 2.3
Normal -4.66 0.31 -1.56 1.55 2.28
Normal -3.73 -0.11 -0.8 2.33 2.63
Normal -2.66 1.05 -2.27 1.59 2.77
Normal -4.68 1.14 -1.71 1.54 1.37
Normal -2.27 -0.01 -1.93 -0.43 0.67
Normal -4.87 0.39 -2.54 1 0.58
Normal -3.95 0.94 -1.63 1.9 2.02
Normal -4.51 -0.03 0.15 3.4 3.04
Normal -3.62 0.61 -0.45 1.81 3.76
Normal -2.9 0.66 -0.3 0.49 3.03
Normal -3.66 0.9 -2.46 2.12 1.82
Normal -3.83 -0.43 0.41 1.47 3.12
Normal -4.78 0.41 -2.88 1.21 -0.16
Normal -4.7 0.78 -0.26 1.68 2.2
Normal -4.56 1.01 -1.24 1.82 1.63
Normal -4.69 1.19 -1.75 2.01 2.13
Normal -4.22 0.92 -0.45 2.33 2.66
Normal -4.15 -0.65 -0.38 2.5 2.92
Normal -4.49 1.6 -1.7 1.67 2.6
Normal -4.53 0.75 -0.1 2.19 2.59
Normal -4.32 -0.08 -0.79 1.35 3.1
Normal -4.66 1.21 -0.73 0.74 1.1
Normal -4.95 1.12 -1.09 3.02 3.27
Normal -4.89 1.12 -0.52 2.31 3.27
Normal -5.23 0.66 -2.33 3.12 2.02
Normal -5.34 -0.1 -2.31 -2 1.02
Normal -4.7 0.09 -1.97 1.37 2.63
Normal -4.23 -0.05 -0.48 2 1.5
Normal -4.85 1.6 -1.74 1.87 1.28
Normal -4.52 -0.37 -0.57 1.66 3.71
Normal -5.21 0.43 -2.54 0.56 1.11
Normal -5.35 0.36 -0.39 1.73 1.43
Normal -5.58 0.32 -0.38 1.39 1.37
Normal -3.84 1.81 -0.85 1.92 3.54
Normal -4.48 0.41 -0.89 1.33 2.24
Normal -5.71 1.27 -1.2 -1.92 0.14
Normal -5 1.66 1.91 0.39 2.62
Normal -5.15 0.71 -1.05 1.6 2.38
Normal -4.16 0.65 -0.26 1.78 3.29
Normal -3.19 -0.01 -1.87 -2.08 1.71
Normal -3.48 1.05 -2.82 1.45 1.24
Normal -3.47 0.52 -2.11 1.57 2.88
Normal -3.53 -0.35 -0.87 -2.1 1.37
Normal -3.8 0.35 -2.59 1.87 2.66
Normal -3.84 0.28 -2.61 0.24 -0.05
Normal -3.28 0.11 0.51 2.51 3.16
Normal -2.39 -0.79 0.02 0.88 1.19
Normal -3.36 -0.75 -1.22 2.18 3.08
Normal -3.4 0.5 -1.93 1.66 2.32
Normal -3.7 -0.63 0.68 1.1 0.85
Normal -3.34 -2.75 -0.8 2.16 3.41
Normal -3.36 -0.52 -2.49 1.88 2.42
Normal -2.76 -0.34 -0.51 1.67 2.74
Normal -3.5 0.71 -1.9 1.42 2.94
Normal -3.41 0.82 -1.66 0.68 1.66
Normal -3.91 0.24 -0.4 1.5 1.61
Normal -3.62 0.88 -2.03 1.72 3.81
Normal -3.67 0.84 -2.6 1.48 2.18
Normal -3 -0.27 -1.7 1.38 2.5
Normal -2.97 0.03 -1.63 2.61 1.38
Normal -3.8 1.18 -2.01 1.59 2.5
Normal -3.06 -0.02 -1.56 2.91 3.02
Normal -3.17 0.38 -1.3 2.34 2.15
Normal -3.53 -0.34 -0.73 0.66 2.97
Normal -3.49 -0.4 -1.29 0.24 1.36
Normal -3.33 1.27 -0.67 1.74 3.55
Normal -3.95 1.22 -0.51 -0.62 2.46
Normal -2.08 -0.14 -1.58 2.03 2.42
Normal -4.34 0.56 -0.92 1 2.89
Normal -3.8 0.19 -1.77 -0.15 2.75
Normal -3.26 1.17 -1.09 1.48 2.99
Normal -3.47 -0.23 -0.68 0.86 2.19
Normal -3.57 0.07 -1.25 1.3 3.24
Normal -3.94 1.27 -3.19 1.7 1.71
Normal -3.36 0.4 -2.32 1.59 2
Normal -3.5 -0.46 -1.42 2.79 1.9
Normal -5.02 -2.72 0.38 1.93 3.87
Normal -3.28 0.13 -1.17 0.59 1.14
Normal -4.09 1.24 -1.32 1.05 0.18
Normal -3.82 0.28 -2.2 2.28 0.94
Normal -3.95 -0.11 -1.61 0.89 3.01
Normal -3.08 -0.23 -2.62 1.61 0.65
Normal -3.61 -0.44 0.22 1.57 1.79
Normal -4.17 -0.39 -1.16 1.14 1.99
Normal -3.66 0.73 -1.7 2.67 3.01
Normal -3.33 0.63 -1.2 -0.42 3.12
Normal -4.13 -0.67 0.23 1.49 2.11
Normal -3.47 -0.34 -2.17 1.55 3.13
Normal -3.36 -0.07 -0.03 2.5 1.64
Normal -3.59 -1.13 -0.9 0.72 1.77
Normal -4.75 0.35 -0.26 1.45 3.6
Normal -4.72 1.23 -1.87 0.34 2.08
Normal -4.67 -0.45 -0.39 1.29 3.98
Normal -5.96 -0.61 -1.81 1.76 -0.66
Normal -3.1 0.68 -0.49 1.01 3.12
Normal -3.19 1.38 -2.81 2.64 0.16
Normal -4.41 1.93 0.56 0.34 3.67
Normal -3.99 1.28 -0.4 -0.25 2.66
Normal -4.42 -0.16 -1.97 0.79 2.47
Normal -3.92 0.64 -2.16 1.56 1.93
Normal -4.38 0.24 -0.45 -0.08 2.79
Normal -4.8 1.43 0.22 2.06 3.34
Normal -4.09 0.83 -1.69 1.28 3.17
Normal -3.83 0.85 0.16 1.29 2.62
Normal -4.1 0.7 -1.5 1.65 2.94
Normal -5.21 1.02 -1.55 2.64 2.85
Normal -4.52 -0.4 -0.52 2.34 2.92
Normal -4.41 -0.18 -0.65 1.19 1.8
Normal -4.21 0.16 -0.12 0.14 2.27
Normal -5.2 0.98 -1.9 0.81 2.5
Normal -3.09 -0.7 -1.62 -0.58 0.31
Normal -4.77 0.84 -1.36 0.96 2.02
Normal -4.91 1.06 -0.86 1.94 4.04
Normal -4.5 0.12 -1.22 1.85 3.62
Normal -4.4 -1.31 -0.74 1.31 1.26
Normal -4.34 0.26 -0.98 3.39 1.45
Normal -3.85 0.09 -1.04 -0.13 -0.14
Normal -4.46 0.38 -1.54 2.59 3
Normal -4.23 -0.58 -2.01 1.32 2.76
Normal -4.12 1.11 -0.13 2.65 2.47
Normal -5.03 0.97 -1.15 1.92 1.42
Normal -5.24 -0.02 0.59 0.92 2.04
Normal -4.01 0.43 0.07 1.34 2.48
Normal -4.23 -1.26 -1.69 1.45 1.79
Normal -4.42 -1.92 -1.53 2.61 2.12
Normal -4.28 1.12 1.84 1.44 4.13
Normal -2.76 0.24 -1.44 -1.2 2.92
Normal -4.56 1.36 0.24 -2.47 3.15
Normal -4.39 1.29 -0.79 0.36 2.95
Normal -5.07 1.27 -0.68 1.8 2.81
Normal -4.5 1.37 -1.28 2.03 2.85
Normal -4.56 -0.99 -2.65 1.3 1.23
Normal -4.41 0.48 -1.6 1.61 1.31
Normal -4.72 0.35 -1.31 0.73 2.76
Normal -4.7 0.17 0.29 2.51 2.8
Normal -4.21 1.09 -1.79 2.33 2.18
Normal -5.21 0.62 -1.78 0.76 2.6
Normal -4.31 0.8 -1 1.84 2.55
Normal -3.82 0.87 -0.04 0.32 3.43
Normal -4.56 1.48 -2.23 1.77 1.24
Normal -3.91 1.04 0.16 2.71 3.03
Normal -3.84 0.81 -0.76 2.94 2.01
Normal -3.27 -1.17 0.21 -0.5 2.94
Normal -3.66 1 0.02 0.47 1.31
Normal -5.78 -0.04 -2.11 1.6 2.92
Normal -4.83 0.58 -0.79 1.79 1.61
Normal -4.37 0.13 -1.52 0.88 2.04
Normal -4.35 0.49 -1.47 1.98 3.62
Normal -3.17 0.51 -1.57 1.38 2.88
Normal -3.69 0.24 -1.26 0.88 2.37
Normal -2.65 -0.21 0.15 -3.47 -0.52
Normal -3.81 -0.3 -1.48 1.38 1.85
Normal -4.16 0.97 -0.86 1.25 3.62
Normal -4.18 0.98 -1.58 1.25 3.14
Normal -4.14 1.23 -0.8 1.63 3.21
Normal -5.06 1.43 -0.44 2.79 1.94
Normal -4.11 0 -1.63 0.85 2.2
Normal -4.85 0.14 -0.98 0.43 -0.86
Normal -4.86 -1.54 -1.67 0.45 3.05
Normal -3.51 -0.48 -0.58 2.66 3.36
Normal -4.7 0.21 -2.17 2.24 0.68
Normal -5.18 0.64 -1.5 0.82 0.68
Normal -4.21 0.44 -0.83 2.37 1.31
Normal -3.97 1 -2.1 1.61 3.04
Normal -5.47 0.01 -0.64 1.73 2.12
Normal -3.54 0.5 -0.34 1.12 2.54
Normal -3.46 0 -2.19 1.98 2.57
Normal -4.04 1.43 -0.54 1.39 2.7
Normal -3.98 -0.43 0.31 1.86 2.02
Normal -3.88 0.69 0.56 2.86 2.99
Normal -4.25 1.81 -1.24 1.51 1.87
Normal -3.94 0.13 -0.6 1.74 2.73
Normal -3.91 -0.17 -0.47 1.18 1.31
Normal -3.62 0.23 -1.68 1.36 2.71
Normal -4.44 0.29 -1.82 -3.43 0.54
Normal -5.9 0.45 -2.83 1.5 3.91
Normal -4.86 0.34 -0.26 1.51 2.45
Normal -3.71 0.79 -0.55 1.14 3.23
Normal -4.39 0.55 -2.16 2.22 1.99
Normal -3.75 -0.82 -1.29 1.86 2.76
Normal -5.39 1.57 -1.04 0.52 3.24
Normal -3.52 -1.7 -0.92 2.42 2.4
Normal -4.47 0.74 -1.08 3.22 2.42
Normal -2.92 -0.02 -1.71 -1.81 0.2
Normal -4.29 0.88 -1.81 1.27 0.31
Normal -4.35 0.42 -0.18 2.03 3.47
Normal -3.45 0.2 -1.08 1.85 2.51
Normal -3.5 -0.91 -2.31 1.12 2.26
Normal -3.86 0.42 -2.08 -3.05 1.92
Normal -3.41 1.37 -1.56 -0.06 2.54
Normal -4.55 0.35 -0.83 1.31 2.55
Normal -3.58 0.19 -1.45 -0.66 2.63
Normal -3.5 0.08 -1.33 1.18 2.21
Normal -4.68 -2.61 0.72 1.86 2.38
Normal -3.57 0.34 -1.8 2.47 3.16
Normal -3.87 0.55 -1.25 0.2 3.12
Normal -5.09 1.01 -0.19 1.31 3.85
Normal -4.69 1.21 -0.12 1.28 4.06
Normal -4.43 1.07 -0.72 2.3 3.22
Normal -4.95 0.73 -1.04 1.42 1.78
Normal -5.45 1.5 -1.13 2.36 1.86
Normal -4.14 1.05 -0.55 2.99 2.64
Normal -4.35 0.89 0.2 2.46 2.42
Normal -5.3 0.27 -1.01 1.31 1.79
Normal -4.53 1.2 -0.98 1.3 2.25
Normal -4.54 0.63 -2.35 -3.16 2.46
Normal -4.28 1.15 -1.35 1.57 3.04
Normal -5.12 1.19 -1.32 2.63 3.57
Normal -5.67 0.97 -0.74 1.92 2.13
Normal -4.95 0.48 -1.56 2.08 3.14
Normal -3.53 1.01 -1.26 2.07 3.02
Normal -3.85 1.48 -1.34 2.67 3.82
Normal -4.62 -0.17 -0.74 0.95 3.56
Normal -3.29 0.99 -0.38 2.32 2.85
Normal -2.79 0.36 -1.97 2.15 -0.38
Normal -4.2 0.12 -2.01 1.94 2.85
Normal -5.18 0.09 0.07 1.5 1.9
Normal -4.07 0.3 0.55 2.56 2.45
Normal -4.04 0.76 -0.96 2.53 3.67
Normal -4.84 0.48 -2.34 2.81 2.84
Normal -4.64 0.87 -2.33 1.63 1.62
Normal -4.88 0.04 -1.81 1.38 1.9
Normal -4.19 1.35 0.73 1.91 2.12
Normal -4.08 1.95 0.4 1.99 2.16
Normal -5.18 2.08 -0.28 3.36 1.52
Normal -4.46 1.06 -0.37 2.41 2.13
Normal -4.86 0.26 -0.82 -3.29 -0.28
Normal -4.19 1.01 -0.69 2.27 3.1
Normal -5.04 0.07 -1.6 2.27 1.46
Normal -3.64 1.33 -0.61 2.3 -0.2
Normal -4.14 1.22 -1.93 2.13 2.39
Normal -4.47 0.77 -0.04 1.36 2.24
Normal -4.16 0.6 -0.75 2.01 2.32
Normal -3.32 1.28 -0.54 1.09 1.41
Normal -4.83 0.8 -2.4 0.83 2.63
Normal -3.31 1.56 -1.66 1.88 2.64
Normal -4.13 0.45 -0.42 1.91 2.15
Normal -3.63 1.01 -0.14 1.47 2.95
Normal -3.95 0.88 -2.48 2.32 3.13
Normal -5.25 -1.06 0.02 1.03 0.61
Normal -5.14 1.32 -0.92 2.12 2.14
Normal -5 1.09 -0.14 2.2 1.96
Normal -4.63 1.35 -3.03 1.37 1.8
Normal -4.71 1.81 -1.02 2.55 2.56
Normal -3.48 1.55 0.7 1.54 3.22
Normal -4.4 0.32 -0.21 3.23 2.38
Normal -5.24 0.44 -0.98 2.17 2.36
Normal -3.95 0.92 0.44 1.01 2.84
Normal -4.34 0.91 -2.17 1.57 2.5
Normal -4.6 0.21 1.32 0.98 3.56
Normal -3.78 1.38 -0.44 1.57 2.14
Normal -3.99 0.37 -0.95 1.51 1.18
Normal -4.25 0.69 -2.68 2.27 -0.14
Normal -4.49 0.7 -1.06 2.76 2.13
Normal -3.76 0.95 -0.05 4.03 1.97
Normal -4.55 0.07 -1.91 1.49 2.8
Normal -4.08 0.87 0.89 2.57 2.59
Normal -3.57 -0.62 -1.01 2.18 3.76
Normal -4.05 0.73 0.34 2.67 2.79
Normal -3.41 1.33 0.24 2.62 3.81
Normal -5.69 0.86 -0.68 0.69 3.05
Normal -4.99 -1.11 1.64 -3.51 0.9
Normal -5.08 1.32 0.11 2.41 3.98
Normal -5.18 0.47 -0.44 2.97 2.77
Normal -5.06 -0.03 -0.32 2.55 4.08
Normal -4.91 0.59 -0.14 -0.75 2.84
Normal -4.14 1.04 0.45 1.8 2.62
Normal -5.69 -1.94 -2.77 3.45 3.84
Normal -5.73 0.82 -1.05 2.51 0.64
Normal -4.23 1.21 -1.72 2.95 -0.44
Normal -5.01 -1.67 -1.13 1.89 2.65
Normal -4.36 0.55 -2.05 1.6 2.48
Normal -5.91 0.41 -2.1 1.29 3.39
Normal -4.44 0.48 -1.72 2.64 2.37
Normal -4.25 1.75 -1.56 2.88 2.51
Normal -3.79 -1.24 -0.24 -0.02 2.66
Normal -4.12 1.11 -0.18 2.68 3.03
Normal -4.57 1.65 -0.51 2 3.21
Normal -4.46 0.16 -0.54 0.6 2.92
Normal -3.5 0.21 0.54 2.22 2.81
Normal -4.52 1.27 0.02 2.17 3.15
Normal -4.74 0.65 -0.39 2.47 2.48
Normal -4.44 0.4 0.28 2.25 2.75
Normal -4.39 1.15 -0.15 1.32 2.7
Normal -4.1 0.48 -0.62 1.82 2.84
Normal -4.58 -1.42 -0.37 1.71 3.78
Normal -4.24 0.51 -0.28 1.62 2.93
Normal -5.84 0.29 -0.73 1.73 1.08
Normal -4.6 0.87 0.35 2.3 2.72
Normal -3.79 1.77 -1.31 1.71 1.86
Normal -4.55 0.7 -1.17 0.77 1.72
Normal -0.94 0.97 -1.34 -5.03 0.01
Normal -4.63 1.67 0.33 2.8 1.77
Normal -4.33 1.49 -0.13 1.98 3.57
Normal -5.25 0.76 0.39 3.5 4.07
Normal -4.48 0.74 -0.9 1.48 3.51
Normal -5.77 0.72 -0.22 2.38 1.73
Normal -4.26 1.27 -0.05 1.65 3.4
Normal -4.71 1.88 0.34 2.13 2.29
Normal -2.99 0.15 -1.71 2.35 -0.02
Normal -3.93 0.92 -1.13 2.58 2.74
Normal -3.94 0.97 0.84 0.64 3.41
Normal -4.86 1.42 -1.17 1.81 2.71
Normal -5.48 0.12 0.96 1 3.21
Normal -3.68 1.32 -0.39 0.9 2.03
Normal -4.17 1.92 0.05 1.45 3.19
Normal -3.68 1.65 -0.65 1.28 1.87
Normal -3.82 1.2 0.94 2.15 0.93
Normal -4.34 0.96 -1.21 1 1.55
Normal -4.81 1.21 -0.5 1.84 3.02
Normal -4.51 0.92 0.41 1.62 2.7
Normal -4.67 0.19 -0.18 0.6 2.25
Normal -4.21 1.26 -1.93 1.37 2.3
Normal -4.26 1.87 -0.95 1.95 1
Normal -3.44 1.65 -1.29 3.27 2.82
Normal -3.99 1 -0.78 2.58 2.1
Normal -3.53 -0.3 -1.57 3.63 2.64
Normal -4.22 -0.29 -1.24 -3.37 -0.82
Normal -3.27 0.19 0.89 1.59 2.14
Normal -4.32 1.91 -0.44 0.22 2.58
Normal -4.6 0.77 -1 2.92 2.39
Normal -5.59 -1.46 -0.31 2.18 2.92
Normal -3.66 0.69 -0.07 2.26 -0.84
Normal -4.55 0.76 -1.54 0.13 -0.21
Normal -4.82 0.34 -0.42 2.9 2.83
Normal -5.17 1.73 -1.47 3.29 2.95
Normal -3.83 1.16 0.74 0.41 1.44
Normal -5.16 0.8 -0.92 2.2 3.15
Normal -4.19 1.48 -1.08 2.68 1.89
Normal -4.22 1.5 -0.53 2.32 3.27
Normal -4.72 1.27 -1.46 1.68 3.52
Normal -4.65 1.56 -2.05 1.84 2.4
Normal -3.93 0.92 -1.68 1.82 2.69
Normal -3.79 0.77 -0.01 0.67 2.4
Normal -4.68 1.26 -0.51 1.76 3.56
Normal -4.74 -0.18 -1.21 2.65 2.13
Normal -4.2 1.7 0.66 0.98 1.88
Normal -4.82 1.46 -0.62 -0.14 -1.92
Normal -4.1 1.11 0.23 0.97 3.6
Normal -4.71 1.4 -1.39 0.89 3.98
Normal -4.78 1.82 -0.24 2.72 2.36
Normal -3.94 -0.02 -0.6 1.1 3.24
Normal -3.17 -0.14 -2.57 0.63 3.87
Normal -3.97 0.26 -1.06 1.7 0.98
Normal -4.88 0.43 0.1 1.23 2.05
Normal -3.94 0.49 0.35 -0.35 2.66
Normal -4.85 -0.12 0.03 2.12 1.88
Normal -4.37 0.28 -0.98 2.3 2.65
Normal -3.95 0.3 0 1.4 2.91
Normal -3.74 0.77 -1.66 1.22 1.33
Normal -4.36 1.77 -1.34 1.8 1.18
Normal -4.61 0.28 -1.82 1.73 2.45
Normal -4 -0.04 -1.43 2.06 2.74
Normal -4.11 1.29 -0.09 1.55 3.68
Normal -3.95 1.13 -0.14 2.32 3.22
Normal -4.43 0.27 -0.35 1.56 2.71
Normal -4.54 -0.39 -1.33 2.94 1.45
Normal -5.05 1.19 0.45 -0.16 2.19
Normal -4.46 0.23 -0.71 1.64 2.6
Normal -4.34 0.4 -0.07 0.86 2.7
Normal -4.96 0.7 -0.17 1.96 2.21
Normal -3.96 1.59 0.3 1.6 1.89
Normal -3.75 -0.2 -1.55 0.82 2.8
Normal -4.29 0.74 -0.79 0.62 2.84
Normal -4.93 0.92 -0.68 1.57 3.78
Normal -4.91 0.88 0.14 1.77 2.78
Normal -4.98 0.28 -1.51 -2.13 -1.19
Normal -3.6 -0.67 -2.35 1.78 0.26
Normal -4.12 1.38 -0.85 1.52 1.62
Normal -3.94 1.04 -0.92 0.77 1.76
Normal -4.41 0.58 -0.12 2.51 1.73
Normal -3.66 0.14 0.9 0.76 -0.28
Normal -4.09 0.87 -0.94 1.55 2.42
Normal -3.59 0.42 0.62 0.99 1.85
Normal -4.47 -0.09 -0.22 1.72 2.5
Normal -5.03 1.48 -0.62 3.38 2.54
Normal -4.49 0.96 -0.6 3.08 2.56
Normal -4.73 0.82 -0.37 1.54 2.7
Normal -4.07 1.16 1.23 2.15 2.96
Normal -4.63 1.3 -0.36 -0.92 3.52
Normal -4.13 -0.31 0.05 -0.45 1.4
Normal -4.38 1.01 -2.51 2.43 1.17
Normal -3.93 0.51 -0.63 1.06 2.82
Normal -5.42 0.91 0.32 2.49 2.07
Normal -3.29 1.7 -2.05 0.8 2.49
Normal -4.8 -0.14 -0.33 1.74 3.25
Normal -4.02 0.74 0.51 0.8 1.98
Normal -3.68 0.93 -1.91 1.29 1.96
Normal -4.55 0.48 -1.46 1.45 3.36
Normal -4.18 -0.27 -0.16 0.61 2.17
Normal -3.03 0.48 -1.21 0.42 4.56
Normal -4.85 0.38 0.09 1.12 0.62
Normal -2.59 -1.34 -0.05 0.97 2.72
Normal -3.45 1.77 -0.92 1.9 2.82
Normal -3.54 0.75 -0.82 3.57 2.82
Normal -4.45 0.08 -1.09 1.58 1.67
Normal -4.09 0.5 -1.81 1.64 1.79
Normal -2.86 1.17 -2.22 2.28 2.19
Normal -3.57 0.11 -0.17 1.64 2.22
Normal -3.69 1.84 -1.04 1.28 2.13
Normal -4.1 1.03 -1.96 1.59 1.47
Normal -4.52 -0.13 -0.61 0.66 2.07
Normal -4.34 0.16 0.04 1.68 3.4
Normal -4.71 0.41 -0.45 4.34 2.52
Normal -4.3 -0.89 -0.3 2.7 2.62
Normal -3.89 0.64 -0.79 1.72 2.96
Normal -4.45 1.74 -0.38 2.23 0.73
Normal -3.37 1.29 0.44 0.98 2.83
Normal -3.7 0.34 -0.59 0.92 2
Normal -4.29 1.56 -0.15 2.66 2.36
Normal -4.27 1.37 -0.7 0.48 2.27
Normal -5.07 -1.38 -0.86 1.04 2.36
Normal -4.5 1.01 0.59 1.39 0.92
Normal -4.42 0.26 -0.61 1.56 2.17
Normal -5.1 0.97 -2.44 3.21 -0.18
Normal -3.93 0.84 0.24 -0.19 1.41
Normal -4.84 0.11 -1.73 1.55 1.19
Normal -4.49 0.83 -0.53 3.03 3.21
Normal -4.12 1.27 -0.78 1.4 1.04
Normal -4.27 0.67 0.84 0.32 3.37
Normal -3.99 1.92 -0.7 1.37 3.5
Normal -4.46 1.16 -2.5 2.14 1.58
Normal -4.01 0.33 -2.4 2.42 2.65
Normal -4.13 0.37 0.44 1.74 2.53
Normal -4.25 0.83 -0.33 3.29 2.52
Normal -4.42 0.57 -0.18 1.03 2.32
Normal -5.12 1.23 -1.3 0.27 1.6
Normal -3.89 0.28 -0.9 0.6 2.47
Normal -3.95 1.25 -2.01 1.25 2.6
Normal -4.14 0.5 -0.84 2.17 3.13
Normal -4.5 1.13 -0.17 2.15 3.46
Normal -4.75 0.11 -1.85 0.87 0.72
Normal -3.49 0.4 0 1.03 1.43
Normal -4.73 0.33 -0.4 2.46 2.49
Normal -3.98 1.27 -0.72 1.98 3.06
Normal -4.27 1.37 -0.86 2.16 1.94
Normal -3.72 -0.5 -1.94 2.01 3.16
Normal -4.46 0.61 -1.94 0 0.98
Normal -4.66 0.31 -1.36 0.88 2.55
Normal -3.18 1.23 -1.07 2.07 1.34
Normal -3.94 1.4 -1.59 0.84 2.29
Normal -3.76 0.18 -0.27 0.84 2.68
Normal -4.12 0.61 -0.84 1.14 2.81
Normal -5.25 0.2 -0.96 0.54 1.37
Normal -3.29 0.68 -0.34 2.72 3.12
Normal -3.39 0.32 -0.66 0.35 1.9
Normal -4.92 0.96 -2.23 2.72 1.3
Normal -4.88 1.68 0 2.18 3.15
Normal -4.05 1.34 0.14 1.68 2.73
Normal -2.78 0.21 -0.52 1.6 2.85
Normal -5.12 -0.17 0.32 1.53 0.46
Normal -2.89 0.84 -1.56 1.92 2.72
Normal -4.09 -0.02 -0.76 3.18 2.38
Normal -4.45 2.73 -0.25 1.66 -0.3
Normal 1.4 0.04 -0.47 -4.23 1.84
Normal -4.99 1.03 -1.64 1.12 3.4
Normal -4.78 1.79 0.69 1.5 2.61
Normal -5.5 1.7 0.06 3.7 2.56
Normal -3.81 1.27 -0.19 2.56 2.4
Normal -3.9 1.26 -0.79 1.85 2.5
Normal -5.76 1.53 -0.79 1.62 0.95
Normal -5.68 0.44 -1.3 1.31 0.53
Normal -4.69 1.08 -1.35 0.02 -1
Normal -3.99 0.74 0.26 2.11 1.14
Normal -4.22 1.68 0.72 1.94 3.65
Normal -4.11 0.44 -2.09 0.64 2.26
Normal -3.26 -0.07 0.29 2.6 2.87
Normal -3.98 0 -0.69 2.03 2.15
Normal -3.76 1.35 -2.11 1.69 -0.69
Normal -4.87 0.64 -2.39 1.06 2.21
Normal -5.2 -1.4 -0.4 1.58 2.67
Normal -4.48 1.29 -0.89 1.26 3.52
Normal -4.37 0.04 -0.27 0.3 1.7
Normal -4.43 1.04 -0.68 1.32 2.22
Normal -4.04 0.95 -0.6 1.55 3.2
Normal -4.51 0.23 -1.21 2.8 2.23
Normal -5.04 -0.12 -0.3 2.12 3.06
Normal -4.09 -0.57 -0.34 0.19 1.2
Normal -4.5 1.58 0.19 2.37 3.18
Normal -5.54 0.13 -1.31 1.1 1.95
Normal -4.39 0.57 -0.55 1.29 3.04
Normal -4.3 1.08 0.8 1.04 3.03
Normal -3.5 0.96 0.38 1.34 2.69
Normal -3.55 1.26 -1.28 0.81 0.77
Normal -3.83 0.58 -1.8 1.69 2.67
Normal -4.11 0.51 -1.74 2.22 1.74
Normal -2.1 0.58 1.68 2.61 3.4
Normal -4 0.34 -1.36 1.78 0.15
Normal -4.35 0.86 0.4 1.69 1.79
Normal -4.32 1.36 -1.46 2.61 1.34
Normal -4.5 0.75 -1.95 1.77 2.7
Normal -4.18 0.66 -1.85 3.13 2.75
Normal -3.84 -0.22 -0.8 1.4 1.24
Normal -4.28 0.4 -1.06 1.86 2.76
Normal -3.72 1.2 -0.07 0.93 2.59
Normal -3.33 1.36 -2.37 2.16 2.38
Normal -5.25 0.78 -1.95 0.98 2.4
Normal -4.13 0.38 0.16 1.93 2.17
Normal -4.05 1.09 -1.43 1.29 3.67
Normal -4.57 1.67 -1.08 -0.3 2.92
Normal -5.71 1.35 -1.13 0.68 3.19
Normal -4.55 0.57 -0.1 2.53 3.15
Normal -4.21 0.6 0.72 -1.58 2.61
Normal -4.34 -0.08 0.42 2.34 3.77
Normal -4.47 1.41 -1.3 2.61 2.79
Normal -5.19 0.55 -0.5 1.86 2.21
Normal -4 0.34 -1.81 1.33 1.43
Normal -4.69 0.93 -2.46 0.96 3.88
Normal -3.33 -0.13 -2.11 2.88 -0.1
Normal -5.43 1.39 -0.83 1.66 3.33
Normal -3.39 -1.09 1.3 1.77 2.76
Normal -4.4 0.74 -0.6 1.8 2.2
Normal -3.49 0.91 -0.79 0.85 1.27
Normal -4.36 1.46 -1.24 1.87 2.47
Normal -4.89 0.42 0.26 1.36 2.92
Normal -5.37 0.66 -0.78 0.69 1.94
Normal -4.58 2.53 1.72 1.23 3.85
Normal -2.61 0.7 -1.22 -3.93 -3.32
Normal -5.21 1.11 -0.62 1.98 2.75
Normal -4.38 1.06 -1.68 2.21 3.16
Normal -5.15 1.34 -2.62 2.12 2.8
Normal -5.02 0.72 -0.15 3.54 2.67
Normal -3.89 0.23 -0.15 1.12 2.15
Normal -1.59 -1.09 -2.26 2.43 1.68
Normal -4.31 1.37 -1.04 -0.87 2.4
Normal -3.53 0.75 -1.26 -2.31 1.19
Normal -3.85 1.51 -1.11 1.47 2.26
Normal -3.96 0.7 -0.48 -0.6 2
Normal -3.66 -0.25 0.88 -0.81 0.85
Normal -4.77 0.09 0.53 -3.01 1.17
Normal -4.48 0.57 -0.02 -4.14 0.66
Normal -0.55 1.06 -0.72 -3.04 0.03
Normal -2.25 0.08 -0.61 -2.99 -1.04
Normal -4.28 0.26 -0.38 -3.71 -0.06
Normal -4.53 0.28 -0.47 -2.82 -0.69
Normal -2.23 -0.14 -1 -2.83 2.04
Normal -4.39 -1.08 0.17 -4.23 0
Normal -4.18 0.72 0.02 -3.12 -1.48
Normal -3.42 0.54 -1.14 -1.73 1.01
Normal -4.47 0.86 0.87 -4.1 -0.92
Normal -4.17 -0.07 -1.02 -4.3 0.6
Normal -3.27 -0.35 -0.78 -3.33 -0.47
Normal -4.02 0.21 -0.55 -2.85 -0.48
Normal -3.36 0.93 0.5 -2.65 1.68
Normal -4.09 0.85 -0.59 -0.81 0.54
Normal -4.2 0.7 -0.62 -4.37 0.39
Normal -4.77 -1.94 -0.92 -4.78 1.24
Normal -3.82 0.88 -0.28 -2.49 0.73
Normal -4.38 0.58 0.23 -3.44 2.45
Normal 1.2 0.96 -1.25 -5.2 0.44
Normal -3.85 0.74 -0.68 -1.31 -1.41
Normal -4.6 0.49 -1.99 -3.89 0.27
Normal -3.71 -0.9 -1.29 -3.32 1.2
Normal -1.57 -0.48 0.99 -3.05 -0.61
Normal -2.34 0.25 -0.48 -2.5 -1.11
Normal -2.17 0.32 -0.34 -0.13 0.87
Normal -4.84 0.32 -0.51 -4.25 0.09
Normal -3.54 0.36 0.8 -1.55 2.05
Normal -1.78 1.18 -0.39 -2.8 2.35
Normal -3.01 -0.08 1.87 -1.83 1.99
Normal -3.77 -0.99 2.19 -2.46 1.92
Normal -3.66 0.31 -1.05 -3.58 0.21
Normal -3.08 0.75 -0.27 -2.54 2.92
Normal -4.39 -0.16 0.39 -0.79 2.47
Normal -3.96 1.03 0.3 -2.76 0.71
Normal -3.9 0.24 1.84 -2.66 1.68
Normal -2.68 -0.21 -0.27 -3.46 0.12
Normal -3.38 0.8 0.46 0.42 2.24
Normal -3.88 0.12 -0.03 -3.3 -0.42
Normal -4.16 0.1 -0.29 -3.73 1.72
Normal -3.88 0.65 -0.47 -2.86 -1.59
Normal -2.97 1.09 -0.25 -3.23 -0.18
Normal -4.44 -0.3 -0.34 -3.46 -0.4
Normal -4.9 0.51 -1.22 -4.84 0.96
Normal -3.9 -0.49 -1.04 -3.81 -0.25
Normal -3.58 -0.25 -0.47 -3.37 0.26
Normal -2.6 0.94 -0.45 -1.47 0.81
Normal -3.12 0.66 -1.3 -1.45 1.74
Normal -4.87 -0.43 -1.66 -4.05 -0.83
Normal -3.83 -0.22 -0.59 -3.06 -0.2
Normal -3.88 -0.63 -1.29 -3.37 -1.22
Normal -1.86 0.52 -1.45 -3.8 -0.13
Normal -4.58 0.87 -0.8 -2.88 2.5
Normal -4.39 0.03 -0.03 -3.54 0.44
Normal -2.8 0.84 0.55 -2.16 1.24
Normal -3.44 0.9 -0.11 -2.78 2.35
Normal -4.26 -0.22 -0.6 -3.79 -1.55
Normal -4.41 0.53 -0.76 -3.24 0.41
Normal -3.81 0.41 -0.92 -1.45 0.33
Normal -3.56 0.82 -0.61 -3.56 -0.41
Normal -3.78 0.79 -1.14 -2.74 -0.43
Normal -4.41 0.46 -1.04 -4.46 -1.32
Normal -3.58 -0.25 0.1 -2.83 -1.81
Normal -4.16 0.28 -0.37 -3.57 -1.43
Normal -4.08 0.1 0.38 -3.7 1.21
Normal -4.05 -0.49 -1.05 -3.17 0.12
Normal -4.33 0.69 -0.74 -3.03 0.23
Normal -3.5 -1.09 -0.67 -2.73 1.58
Normal -4.37 -0.13 -1.06 -3.58 -1.04
Normal -4.19 0.14 0.14 -3.53 -0.26
Normal -3.34 0.41 -0.64 -3.08 0.63
Normal -3.08 -0.14 1.85 -0.88 0.07
Normal -4.38 0.28 1.7 -2.92 3.24
Normal -3.7 0.24 -0.53 -3.56 0.17
Normal -4.37 -0.43 -1.12 -3.96 1.05
Normal -4.5 -1.51 -1.46 -3.86 0.8
Normal -2.06 0 0.78 -1.88 2.17
Normal -3.81 0.14 -0.8 -3.45 1.63
Normal -3.54 0.65 0.92 -0.34 1.65
Normal -4.82 -0.4 -0.88 -3.91 0.27
Normal -3.8 -0.24 0.1 -2 0.01
Normal -4.26 -0.39 0.25 -4.03 0.97
Normal -3.25 1.47 1.24 -2.22 1.93
Normal -2.75 1.04 0.44 -2.64 1.24
Normal -4.94 0.32 -1.29 -4.8 -0.38
Normal -3.49 0.9 -0.4 -3.12 0.21
Normal -4.48 0.04 -0.52 -3.34 1.5
Normal -4.23 -0.61 -1.81 -4.48 -1.34
Normal -4.76 0.28 -1.55 -3.66 -0.53
Normal -4.8 -1.29 1.13 -4.84 1.23
Normal -4.18 0.18 -0.22 -1.22 2.14
Normal -3.96 0.77 -0.44 -3.02 1.54
Normal -4.46 0.18 -0.41 -2.67 1.23
Normal -4.27 -1.18 0.99 -2.08 1.86
Normal -3.41 0.97 -0.16 -2.17 2.23
Normal -4.12 -0.06 -0.8 -3.72 -1.3
Normal -4.66 -0.46 -0.6 -2.97 1.49
Normal -3.88 0.27 -0.66 -4.25 -0.79
Normal -3.4 1.36 1.09 -2.49 1.86
Normal -4.01 -0.05 -0.57 -3.18 -1.08
Normal -4.48 0.39 0.63 -2.68 2.6
Normal -3.09 0.95 -0.47 -2.67 1.86
Normal -4.72 0.77 -2.29 -2.9 0.53
Normal -4.76 -0.04 -0.08 -3.76 0.51
Normal -2.94 0.83 -0.61 -2.23 1.08
Normal -3.67 0.71 0 -3.06 -1.09
Normal -4.68 0.36 -0.5 -4.32 -1.13
Normal -3.95 1.35 0.2 -2.66 1.25
Normal -4.32 1.25 -0.96 -2.7 -0.64
Normal -3.03 0.52 0.21 -1.64 1.21
Normal -3.36 -0.41 -1.85 -3.22 -0.48
Normal -4.03 -1.61 -1.14 -3.68 0.92
Normal -3.11 0.12 -0.74 -1.84 1.88
Normal -4.5 -0.54 -0.7 -2.67 0.81
Normal -3.29 0.3 -0.02 -2.86 1.11
Normal -4.13 0.54 -0.01 -3.05 0.22
Normal -4.43 0.92 -0.04 -3.56 2.76
Normal -2.1 0.78 0.62 -2.87 1.42
Normal -4.82 1.21 -0.09 -3.59 1.44
Normal -4.87 -0.55 1.03 -5.01 -0.4
Normal -3.56 1.26 -0.76 -3.04 -1.57
Normal -4.54 -0.38 0.2 -4.7 -0.6
Normal -4.58 0.08 -1.13 -2.59 0.69
Normal -4.44 -0.7 -0.12 -4.01 0.07
Normal -4.48 0.34 -1.39 -1.15 0
Normal -4.75 0.74 -0.09 -3.67 1.28
Normal -4.22 1.43 -0.58 -2.88 2.01
Normal -3.07 0 -1.07 -4.21 -0.59
Normal -3.64 0.46 0.31 -2 1.11
Normal -2.98 0.48 -1.28 -3.32 -0.75
Normal -2.57 0.59 0.13 -2.9 0.79
Normal -4.4 0.16 -0.01 -3.12 0.94
Normal -4.33 -0.86 0.76 -3.07 1.49
Normal -3.23 0.17 0.17 -0.31 1.14
Normal -4.12 0.77 -0.07 -3.06 1.42
Normal -4.34 -1.16 -0.96 -2.98 0.89
Normal -3 1.39 -0.09 -3.23 1.31
Normal -5.06 1.03 0.63 -4.04 -0.96
Normal -3.36 0.62 -0.73 -2.32 -0.69
Normal -4.29 -0.5 0.52 -1.85 1.33
Normal -0.8 0.48 1.54 0.34 2.19
Normal -2.32 1.04 -0.69 -2.15 2.07
Normal -3.83 0.22 -0.41 -3.57 -0.18
Normal -3.68 0.23 0.97 -3.3 0.86
Normal -4.05 0.53 -0.25 -3.54 1.91
Normal -2.87 1.1 0.19 -2.39 0.69
Normal -3.95 -0.43 0.36 -3.04 0.16
Normal -4.74 0.65 -0.5 -4.26 -1.39
Normal -3.53 0.6 -2.11 -4.02 -0.38
Normal -3.05 0.44 -0.8 -3.2 -0.63
Normal -3.72 0.71 -0.69 -2.23 0.61
Normal -4.42 0.01 -0.64 -3.52 0.72
